0 0.603989 0.237589 0.127660 0.212766
0 0.207890 0.571513 0.105496 0.206856
0 0.441711 0.740839 0.102689 0.162530
0 0.662973 0.583235 0.158097 0.152679
0 0.278210 0.825861 0.099734 0.173506
0 0.798727 0.379306 0.147226 0.150709
0 0.547967 0.749240 0.092135 0.182371
0 0.799202 0.623860 0.132979 0.111449
0 0.319054 0.699215 0.141527 0.120314
0 0.349449 0.858789 0.086436 0.196302
0 0.497150 0.838526 0.098784 0.208967
0 0.828647 0.487589 0.096884 0.167173
0 0.687120 0.730243 0.110182 0.189970
0 0.840995 0.752406 0.106383 0.186170
0 0.160904 0.721378 0.117781 0.136778
0 0.921144 0.729610 0.110372 0.171986