0 0.411702 0.335771 0.094858 0.166223
0 0.526507 0.576795 0.099291 0.185062
0 0.375798 0.745346 0.093972 0.201684
0 0.311968 0.548094 0.145390 0.161791
0 0.108456 0.290507 0.110202 0.199127
0 0.221386 0.261866 0.133115 0.152755
0 0.470158 0.162302 0.135297 0.152755
0 0.721658 0.476814 0.094926 0.169122
0 0.230660 0.758456 0.118931 0.162302
0 0.658920 0.876432 0.087289 0.169122
0 0.487616 0.790507 0.144026 0.155483
0 0.595636 0.336879 0.141844 0.163666
0 0.605456 0.708674 0.098200 0.190944
0 0.725477 0.753682 0.115657 0.180033
0 0.717294 0.178669 0.110202 0.160938
0 0.136279 0.482270 0.085106 0.155483