0 0.540160 0.217199 0.138298 0.125887
0 0.284176 0.218085 0.150266 0.113475
0 0.434528 0.353045 0.089956 0.182520
0 0.712218 0.435440 0.088392 0.176262
0 0.564768 0.416562 0.103254 0.171047
0 0.282384 0.097518 0.143930 0.128285
0 0.352003 0.511160 0.126721 0.136629
0 0.406367 0.588340 0.119681 0.149145
0 0.364518 0.793283 0.129850 0.168961
0 0.560466 0.567480 0.119681 0.161660
0 0.467381 0.684293 0.097778 0.176262
0 0.669587 0.238840 0.107947 0.162703
0 0.102660 0.295213 0.164894 0.115248
0 0.235782 0.674986 0.136047 0.129569
0 0.256839 0.409068 0.127280 0.121581
0 0.456307 0.891084 0.089286 0.182371
0 0.225494 0.911981 0.098784 0.173506
0 0.748385 0.629559 0.109233 0.165907
0 0.405490 0.062690 0.090236 0.125380
0 0.072074 0.581560 0.138298 0.141844
0 0.075399 0.840426 0.089096 0.191489
0 0.222340 0.537234 0.122340 0.156028
0 0.222644 0.313450 0.119681 0.122847
0 0.316204 0.319149 0.124430 0.119048
0 0.370346 0.405902 0.126330 0.115248