0 0.605778 0.158281 0.114387 0.251572
0 0.786203 0.325996 0.142689 0.218029
0 0.836910 0.493711 0.107311 0.201258
0 0.446934 0.820997 0.113389 0.225770
0 0.664187 0.616997 0.148766 0.230608
0 0.790729 0.663764 0.135160 0.166102
0 0.537192 0.848412 0.088897 0.232221
0 0.314042 0.791163 0.130624 0.191905
0 0.207910 0.597646 0.097968 0.220932
0 0.119640 0.539737 0.102916 0.222985
0 0.163057 0.807318 0.136149 0.203926
0 0.804138 0.913093 0.138293 0.167715
0 0.962972 0.425577 0.074056 0.199161
0 0.053184 0.710692 0.106368 0.174004
0 0.630542 0.877358 0.119104 0.226415
0 0.695401 0.832285 0.090802 0.266247
0 0.934788 0.666667 0.109670 0.157233
0 0.894104 0.811321 0.103774 0.220126
0 0.127005 0.062369 0.142689 0.124738
0 0.053774 0.509434 0.107547 0.249476
0 0.139976 0.922432 0.170991 0.148847