0 0.526975 0.596698 0.106132 0.258124
0 0.600310 0.743056 0.096551 0.246331
0 0.706810 0.738470 0.114976 0.289570
0 0.341981 0.578616 0.128243 0.221436
0 0.382518 0.819707 0.125295 0.229298
0 0.259802 0.787605 0.127506 0.227987
0 0.421081 0.276246 0.105225 0.199968
0 0.425163 0.426222 0.097061 0.174165
0 0.235577 0.191098 0.122460 0.180616
0 0.590711 0.285438 0.136067 0.188679
0 0.541274 0.395259 0.098875 0.254798
0 0.217888 0.562974 0.119739 0.183841
0 0.163915 0.511369 0.080733 0.248347
0 0.137618 0.234801 0.097877 0.266247
0 0.830642 0.339139 0.142417 0.164490
0 0.471934 0.079140 0.108491 0.158280
0 0.723703 0.098008 0.076651 0.196016
0 0.517335 0.908281 0.109670 0.183438
0 0.111675 0.703354 0.109670 0.238994
0 0.724292 0.461216 0.099057 0.245283
0 0.309198 0.063417 0.115566 0.126834
0 0.817453 0.786164 0.091981 0.253669
0 0.103420 0.924004 0.163915 0.151992
0 0.053892 0.395178 0.102594 0.226415
0 0.718095 0.262055 0.119890 0.173538
0 0.606722 0.116469 0.096305 0.126951