0 0.430452 0.347518 0.089096 0.170213
0 0.540492 0.207447 0.152261 0.131206
0 0.281516 0.092199 0.156915 0.113475
0 0.217686 0.530142 0.126330 0.156028
0 0.227660 0.674645 0.125000 0.140071
0 0.407181 0.597518 0.132979 0.187943
0 0.564761 0.570035 0.113032 0.150709
0 0.711037 0.433511 0.105053 0.179078
0 0.561436 0.407801 0.106383 0.159574
0 0.223005 0.308511 0.113032 0.148936
0 0.103324 0.297872 0.160904 0.106383
0 0.070080 0.556738 0.136968 0.166667
0 0.072074 0.820922 0.085106 0.212766
0 0.284176 0.206560 0.171543 0.108156
0 0.666489 0.242021 0.119681 0.150709
0 0.371277 0.421986 0.125000 0.127660
0 0.149202 0.419326 0.090426 0.161348
0 0.052660 0.079787 0.105319 0.159574
0 0.358644 0.788121 0.107713 0.161348
0 0.221676 0.903369 0.097074 0.175532
0 0.445745 0.892730 0.098404 0.186170
0 0.568750 0.730496 0.107713 0.131206
0 0.832048 0.395390 0.142287 0.156028
0 0.463697 0.682624 0.139628 0.195035
0 0.351220 0.499061 0.125156 0.126199
0 0.329709 0.326971 0.125939 0.094910
0 0.247184 0.419796 0.132979 0.107426