0 0.599335 0.244681 0.105053 0.205674
0 0.816755 0.382092 0.085106 0.186170
0 0.508245 0.700355 0.095745 0.202128
0 0.601330 0.667553 0.138298 0.168440
0 0.198404 0.629433 0.114362 0.198582
0 0.107979 0.589539 0.098404 0.189716
0 0.267553 0.820922 0.143617 0.127660
0 0.429787 0.804965 0.130319 0.131206
0 0.316090 0.740248 0.150266 0.143617
0 0.716356 0.611702 0.118351 0.138298
0 0.833378 0.634752 0.089096 0.177305
0 0.931782 0.383865 0.113032 0.147163
0 0.098670 0.129433 0.117021 0.180851
0 0.052660 0.906028 0.105319 0.187943
0 0.449734 0.940603 0.159574 0.097518
0 0.071941 0.507979 0.143882 0.143617
0 0.701729 0.811170 0.171543 0.136525
0 0.756250 0.476064 0.113032 0.207447
0 0.599335 0.769504 0.128989 0.102837