0 0.600665 0.248227 0.131649 0.219858
0 0.312101 0.755319 0.107713 0.205674
0 0.519548 0.702128 0.081117 0.195035
0 0.422473 0.788121 0.152926 0.136525
0 0.601995 0.659574 0.147606 0.166667
0 0.815426 0.390957 0.125000 0.164894
0 0.197074 0.619681 0.117021 0.189716
0 0.096676 0.898936 0.152926 0.187943
0 0.848005 0.780142 0.142287 0.141844
0 0.832048 0.612589 0.107713 0.147163
0 0.711037 0.601950 0.126330 0.111702
0 0.599318 0.766955 0.107214 0.125222
0 0.703208 0.814606 0.150432 0.147385
0 0.729804 0.706006 0.133810 0.131871
0 0.759724 0.509863 0.112201 0.169548
0 0.923454 0.596299 0.103890 0.151817
0 0.243972 0.884870 0.182624 0.132388
0 0.449645 0.934752 0.134752 0.130496
0 0.067908 0.513712 0.135816 0.146572
0 0.043528 0.680378 0.087056 0.156028
0 0.107890 0.602955 0.085993 0.192671
0 0.201418 0.755437 0.134752 0.157210
0 0.096600 0.122847 0.126330 0.200101
0 0.304322 0.944415 0.105718 0.111170