0 0.134740 0.233766 0.118506 0.258297
0 0.235390 0.179654 0.142857 0.233766
0 0.053977 0.387446 0.107954 0.193362
0 0.184253 0.485570 0.105519 0.256854
0 0.220373 0.567821 0.142045 0.178932
0 0.118101 0.451659 0.106331 0.226551
0 0.411526 0.282107 0.110390 0.251082
0 0.342938 0.567821 0.109578 0.245310
0 0.421672 0.447330 0.129058 0.206349
0 0.545049 0.401876 0.119318 0.245310
0 0.517045 0.597403 0.108766 0.266955
0 0.595779 0.751082 0.125000 0.282828
0 0.703734 0.738095 0.099026 0.300144
0 0.718344 0.466089 0.092532 0.240981
0 0.594562 0.269841 0.143669 0.174603
0 0.722808 0.273449 0.127435 0.213564
0 0.834416 0.360750 0.152597 0.183261
0 0.829951 0.493506 0.137175 0.163059
0 0.111607 0.683261 0.111201 0.230880
0 0.062906 0.797258 0.125812 0.181818
0 0.430601 0.806638 0.109578 0.313131
0 0.268263 0.785714 0.127435 0.248196
0 0.589692 0.124820 0.163149 0.170274
0 0.823052 0.782107 0.115260 0.275613