0 0.072635 0.196560 0.145270 0.135135
0 0.167844 0.062039 0.133600 0.124078
0 0.057432 0.074324 0.114864 0.148648
0 0.609183 0.251229 0.104115 0.214988
0 0.211609 0.624079 0.145577 0.164619
0 0.112561 0.590295 0.094902 0.217445
0 0.043919 0.519042 0.077396 0.170762
0 0.048679 0.669533 0.097358 0.142506
0 0.099662 0.856265 0.115172 0.206388
0 0.286241 0.921990 0.121622 0.156020
0 0.368243 0.878993 0.093980 0.214988
0 0.452088 0.928747 0.165848 0.130221
0 0.489865 0.750614 0.128993 0.218673
0 0.602733 0.703931 0.129914 0.206388
0 0.728962 0.920762 0.146499 0.146192
0 0.695792 0.807125 0.153870 0.135135
0 0.738636 0.726658 0.123464 0.165848
0 0.851966 0.786241 0.119779 0.152334
0 0.830774 0.638206 0.103194 0.175676
0 0.739558 0.634521 0.138206 0.156020
0 0.761210 0.527027 0.152027 0.164619
0 0.808200 0.395577 0.094902 0.189189
0 0.890663 0.403563 0.068182 0.266585
0 0.966984 0.358108 0.066032 0.288698
0 0.932586 0.602580 0.111486 0.156020