0 0.613636 0.127706 0.142857 0.213564
0 0.757711 0.374459 0.153409 0.181818
0 0.825081 0.512266 0.109578 0.200577
0 0.946023 0.313131 0.107954 0.261183
0 0.221997 0.598846 0.133929 0.238095
0 0.315747 0.762626 0.126623 0.230880
0 0.437906 0.805916 0.127435 0.239538
0 0.273539 0.915584 0.110390 0.167388
0 0.381494 0.926407 0.087662 0.137085
0 0.483360 0.928932 0.111201 0.142136
0 0.592938 0.873737 0.130682 0.216450
0 0.660308 0.619769 0.161526 0.230880
0 0.682224 0.803752 0.137175 0.246753
0 0.794237 0.670274 0.138799 0.176046
0 0.891640 0.792929 0.132305 0.225108
0 0.933847 0.653680 0.130682 0.180375
0 0.968750 0.797258 0.062500 0.181818
0 0.823864 0.925685 0.129870 0.141414
0 0.728084 0.924603 0.108766 0.150794
0 0.136364 0.077922 0.146104 0.151515
0 0.122971 0.550505 0.124188 0.242424
0 0.053166 0.499278 0.106331 0.226551
0 0.053977 0.701299 0.107954 0.200577
0 0.162744 0.786436 0.143669 0.194805
0 0.129870 0.906926 0.121753 0.181818