0 0.058354 0.089066 0.116708 0.175676
0 0.281634 0.088452 0.156634 0.135135
0 0.274263 0.208845 0.180590 0.135135
0 0.101505 0.294226 0.150184 0.141278
0 0.050369 0.411548 0.095823 0.142506
0 0.068489 0.563882 0.136978 0.157248
0 0.341984 0.514128 0.122543 0.151106
0 0.215295 0.525184 0.123464 0.148649
0 0.233262 0.668919 0.152027 0.163391
0 0.436425 0.337224 0.108722 0.163391
0 0.537776 0.218059 0.138206 0.126536
0 0.565878 0.417076 0.104115 0.170762
0 0.710074 0.434275 0.108722 0.170762
0 0.641892 0.128993 0.110565 0.120393
0 0.406020 0.587224 0.143735 0.181818
0 0.555743 0.575553 0.129914 0.178133
0 0.726658 0.714988 0.141892 0.169533
0 0.373771 0.788084 0.145577 0.197789
0 0.076628 0.812654 0.098587 0.205160
0 0.142045 0.834152 0.096744 0.199017
0 0.662162 0.253686 0.132678 0.153563
0 0.525799 0.775799 0.125307 0.156020
0 0.825246 0.872850 0.125307 0.185504
0 0.596744 0.853194 0.092138 0.138821
0 0.538698 0.903563 0.108722 0.156020
0 0.453471 0.869165 0.104115 0.146192
0 0.837684 0.461302 0.124386 0.136364
0 0.837684 0.362408 0.166769 0.117936
0 0.400031 0.066953 0.113329 0.119165
0 0.829853 0.709459 0.114251 0.133907
0 0.715602 0.868550 0.097666 0.176904
0 0.264128 0.775184 0.101351 0.154791
0 0.213913 0.917076 0.096744 0.165848
0 0.305129 0.893120 0.111486 0.174447
0 0.324939 0.321867 0.134521 0.137592
0 0.398188 0.410319 0.133600 0.120393
0 0.211149 0.308968 0.139128 0.136364
0 0.261824 0.408477 0.117015 0.133907