0 0.237013 0.202742 0.149351 0.204906
0 0.073052 0.212843 0.131494 0.184704
0 0.039367 0.404762 0.078734 0.204906
0 0.124188 0.419913 0.112013 0.261183
0 0.193994 0.467532 0.095779 0.186147
0 0.366071 0.135642 0.129870 0.203463
0 0.417614 0.281385 0.114448 0.243867
0 0.339692 0.518759 0.104708 0.288600
0 0.233360 0.561328 0.161526 0.165945
0 0.241883 0.709957 0.121753 0.229437
0 0.116883 0.676046 0.113636 0.274170
0 0.034903 0.647186 0.069805 0.187590
0 0.127435 0.868687 0.154221 0.183261
0 0.050325 0.825397 0.094156 0.200577
0 0.275162 0.885281 0.137987 0.213564
0 0.446023 0.796537 0.114448 0.255411
0 0.588880 0.720779 0.112825 0.294372
0 0.511769 0.568543 0.130682 0.223665
0 0.466721 0.450216 0.120130 0.226551
0 0.512987 0.101010 0.107143 0.197691
0 0.551542 0.227994 0.120942 0.157287
0 0.664367 0.134199 0.101461 0.240981
0 0.724838 0.297980 0.115260 0.210678
0 0.843750 0.218615 0.117695 0.279942
0 0.553166 0.383117 0.114448 0.219336
0 0.715503 0.719336 0.112825 0.230880
0 0.708198 0.477633 0.098214 0.232323
0 0.634334 0.377345 0.104708 0.222222
0 0.828328 0.492785 0.164773 0.170274
0 0.817370 0.828283 0.118506 0.226551
0 0.649351 0.906205 0.108766 0.171717
0 0.821023 0.658730 0.148539 0.219336
0 0.936282 0.787157 0.104708 0.245310