0 0.611947 0.253686 0.120700 0.200246
0 0.453931 0.040541 0.213759 0.081081
0 0.119472 0.119165 0.175061 0.159705
0 0.143888 0.063268 0.104115 0.126536
0 0.048679 0.211916 0.097358 0.133907
0 0.109797 0.587838 0.105958 0.207617
0 0.204238 0.621007 0.136364 0.153563
0 0.119932 0.822482 0.118857 0.210074
0 0.045915 0.664619 0.091830 0.176904
0 0.035780 0.803440 0.071560 0.167076
0 0.052826 0.930590 0.105651 0.126536
0 0.277488 0.929361 0.129914 0.141278
0 0.373771 0.864251 0.099509 0.219902
0 0.454392 0.936118 0.170455 0.127764
0 0.504607 0.765971 0.134521 0.227273
0 0.609183 0.719902 0.126229 0.159705
0 0.797144 0.394963 0.105958 0.160934
0 0.880068 0.421990 0.094902 0.173219
0 0.759828 0.517813 0.165848 0.138821
0 0.971130 0.321867 0.057740 0.157248
0 0.743243 0.628993 0.116093 0.142506
0 0.837684 0.644963 0.093059 0.142506
0 0.921069 0.593366 0.095823 0.135135
0 0.956081 0.437346 0.084767 0.135135
0 0.738636 0.726658 0.130835 0.143735
0 0.701321 0.809582 0.170455 0.132678
0 0.721591 0.918919 0.183354 0.132678
0 0.844134 0.779484 0.128071 0.163391