0 0.282555 0.216830 0.165848 0.138821
0 0.531327 0.208845 0.145577 0.137592
0 0.429515 0.341523 0.104115 0.171990
0 0.382985 0.406020 0.132678 0.136364
0 0.253071 0.405405 0.149263 0.137592
0 0.217138 0.535012 0.128993 0.156020
0 0.072021 0.554668 0.131757 0.151106
0 0.100123 0.288698 0.169533 0.125307
0 0.147574 0.853808 0.120700 0.206388
0 0.083538 0.821867 0.105037 0.208845
0 0.230958 0.668305 0.151106 0.149877
0 0.270577 0.785627 0.105037 0.148649
0 0.300983 0.896806 0.097666 0.174447
0 0.215756 0.910934 0.104115 0.158477
0 0.370086 0.777641 0.092138 0.189189
0 0.344287 0.506757 0.116093 0.160934
0 0.323557 0.318796 0.115172 0.136364
0 0.233262 0.314496 0.117015 0.120393
0 0.050522 0.410319 0.101044 0.152334
0 0.140203 0.399263 0.096744 0.164619
0 0.050829 0.087224 0.093059 0.162162
0 0.291308 0.089681 0.164926 0.117936
0 0.395885 0.065111 0.106880 0.125307
0 0.627611 0.120393 0.139128 0.154791
0 0.678747 0.250614 0.132678 0.147420
0 0.605958 0.347052 0.125307 0.160934
0 0.564036 0.413391 0.117015 0.183047
0 0.569564 0.568182 0.144656 0.163391
0 0.407402 0.589066 0.139128 0.175676
0 0.471437 0.678747 0.116093 0.175676
0 0.570946 0.726658 0.110565 0.158477
0 0.506910 0.770270 0.107801 0.140049
0 0.459920 0.874693 0.124386 0.152334
0 0.530866 0.906020 0.107801 0.158477
0 0.606419 0.850737 0.122543 0.133907
0 0.644656 0.722973 0.101351 0.128993
0 0.736794 0.710688 0.103194 0.175676
0 0.714681 0.440418 0.119779 0.195332
0 0.840909 0.460688 0.152948 0.122850
0 0.829392 0.355037 0.153870 0.125307
0 0.808661 0.277641 0.206388 0.085995
0 0.751996 0.580467 0.093059 0.141278
0 0.820178 0.877764 0.148342 0.168305
0 0.823864 0.710688 0.155713 0.163391
0 0.933507 0.558354 0.089373 0.143735
0 0.703624 0.855651 0.127150 0.173219