0 0.607549 0.127706 0.143669 0.204906
0 0.768669 0.369408 0.202922 0.186147
0 0.129058 0.089827 0.134740 0.179654
0 0.225244 0.592352 0.133929 0.277056
0 0.056412 0.492785 0.112824 0.239538
0 0.120130 0.544012 0.136364 0.261183
0 0.319399 0.792929 0.156656 0.242424
0 0.463880 0.804473 0.129058 0.225108
0 0.661932 0.619769 0.161526 0.230880
0 0.694805 0.779221 0.118506 0.290043
0 0.603084 0.879509 0.126623 0.207792
0 0.160714 0.797258 0.142857 0.199134
0 0.052354 0.693362 0.104708 0.170274
0 0.946429 0.320346 0.107142 0.284271
0 0.823458 0.502886 0.114448 0.204906
0 0.795455 0.668831 0.141234 0.164502
0 0.934659 0.645022 0.130682 0.180375
0 0.903409 0.790765 0.112013 0.194805
0 0.829545 0.913420 0.165584 0.165945
0 0.729708 0.925685 0.102273 0.135642
0 0.286120 0.911977 0.127435 0.174603
0 0.383523 0.923521 0.096591 0.137085
0 0.465097 0.932179 0.082792 0.134199